# psychedelic [psy]
255 20 40
255 47 146
255 138 216
55 145 230
150 230 80
255 251 0
255 255 255

# greyscale [gsc]
255 255 255
0 0 0

# pm3d_variant [p3v]
8 8 24
1 32 147
4 51 255
182 40 180
234 34 92
255 147 0
255 204 0

# pastels [pas]
175 210 255
255 95 146
255 255 255
255 252 91

# red_white_blue [rwb]
0 0 255
255 255 255
255 0 0

# purple_and_gray [pag]
123 49 255    0.
171 75 255    0.25
255 66 121    0.5
255 147 0     5/9.
255 255 255   2/3.
220 220 255   13/18.
140 180 230   7/9.
140 170 170   1

# green_and_blue [gab]
230 230 20
190 220 30
105 223 49
44 191 77
26 138 200
57 78 255
119 91 255
235 108 255
255 255 255

# lilac [lil]
255 200 0     0.
255 252 122   0.2
255 255 255   0.46
200 137 255   0.5
40 50 255     0.54
32 45 148     0.8
0 20 70       1.

# orange [ora]
255 255 255
255 251 0
255 147 0
255 38 0
255 0 146

# purple_and_white [paw]
254 252 70    0.
255 216 25    0.16
255 50 92     0.32
238 68 210    0.48
174 132 245   0.6
140 156 227   0.72
190 191 191   0.88
255 255 255   1.

# orange_and_cyan [oac]
0 255 255
135 240 225
220 190 80
255 128 52
190 70 120
145 52 195
120 110 130

# blue_yellow_purple [byp]
40 80 255
60 100 210
128 210 180
235 225 110
230 150 130
230 50 220
255 20 250

# heat [hea]
17 85 255 0.
51 119 255 0.05
68 221 255 0.15
255 255 255 0.3
255 248 136 0.5
255 170 68 0.75
255 34 34 1.
